(3, 4, 5.0)|(4, 3, 5.0)|(5, 12, 13.0)|(6, 8, 10.0)|(7, 24, 25.0)|(8, 6, 10.0)|(8, 15, 17.0)|(9, 12, 15.0)|(9, 40, 41.0)|(10, 24, 26.0)|(11, 60, 61.0)|(12, 5, 13.0)|(12, 9, 15.0)|(12, 16, 20.0)|(12, 35, 37.0)|(13, 84, 85.0)|(14, 48, 50.0)|(15, 8, 17.0)|(15, 20, 25.0)|(15, 36, 39.0)|(15, 112, 113.0)|(16, 12, 20.0)|(16, 30, 34.0)|(16, 63, 65.0)|(17, 144, 145.0)|(18, 24, 30.0)|(18, 80, 82.0)|(19, 180, 181.0)|(20, 15, 25.0)|(20, 21, 29.0)|(20, 48, 52.0)|(20, 99, 101.0)|(21, 20, 29.0)|(21, 28, 35.0)|(21, 72, 75.0)|(21, 220, 221.0)|(22, 120, 122.0)|(23, 264, 265.0)|(24, 7, 25.0)|(24, 10, 26.0)|(24, 18, 30.0)|(24, 32, 40.0)|(24, 45, 51.0)|(24, 70, 74.0)|(24, 143, 145.0)|(25, 60, 65.0)|(25, 312, 313.0)|(26, 168, 170.0)|(27, 36, 45.0)|(27, 120, 123.0)|(27, 364, 365.0)|(28, 21, 35.0)|(28, 45, 53.0)|(28, 96, 100.0)|(28, 195, 197.0)|(29, 420, 421.0)|(30, 16, 34.0)|(30, 40, 50.0)|(30, 72, 78.0)|(30, 224, 226.0)|(31, 480, 481.0)|(32, 24, 40.0)|(32, 60, 68.0)|(32, 126, 130.0)|(32, 255, 257.0)|(33, 44, 55.0)|(33, 56, 65.0)|(33, 180, 183.0)|(33, 544, 545.0)|(34, 288, 290.0)|(35, 12, 37.0)|(35, 84, 91.0)|(35, 120, 125.0)|(35, 612, 613.0)|(36, 15, 39.0)|(36, 27, 45.0)|(36, 48, 60.0)|(36, 77, 85.0)|(36, 105, 111.0)|(36, 160, 164.0)|(36, 323, 325.0)|(37, 684, 685.0)|(38, 360, 362.0)|(39, 52, 65.0)|(39, 80, 89.0)|(39, 252, 255.0)|(39, 760, 761.0)|(40, 9, 41.0)|(40, 30, 50.0)|(40, 42, 58.0)|(40, 75, 85.0)|(40, 96, 104.0)|(40, 198, 202.0)|(40, 399, 401.0)|(41, 840, 841.0)|(42, 40, 58.0)|(42, 56, 70.0)|(42, 144, 150.0)|(42, 440, 442.0)|(43, 924, 925.0)|(44, 33, 55.0)|(44, 117, 125.0)|(44, 240, 244.0)|(44, 483, 485.0)|(45, 24, 51.0)|(45, 28, 53.0)|(45, 60, 75.0)|(45, 108, 117.0)|(45, 200, 205.0)|(45, 336, 339.0)|(46, 528, 530.0)|(48, 14, 50.0)|(48, 20, 52.0)|(48, 36, 60.0)|(48, 55, 73.0)|(48, 64, 80.0)|(48, 90, 102.0)|(48, 140, 148.0)|(48, 189, 195.0)|(48, 286, 290.0)|(48, 575, 577.0)|(49, 168, 175.0)|(50, 120, 130.0)|(50, 624, 626.0)|(51, 68, 85.0)|(51, 140, 149.0)|(51, 432, 435.0)|(52, 39, 65.0)|(52, 165, 173.0)|(52, 336, 340.0)|(52, 675, 677.0)|(54, 72, 90.0)|(54, 240, 246.0)|(54, 728, 730.0)|(55, 48, 73.0)|(55, 132, 143.0)|(55, 300, 305.0)|(56, 33, 65.0)|(56, 42, 70.0)|(56, 90, 106.0)|(56, 105, 119.0)|(56, 192, 200.0)|(56, 390, 394.0)|(56, 783, 785.0)|(57, 76, 95.0)|(57, 176, 185.0)|(57, 540, 543.0)|(58, 840, 842.0)|(60, 11, 61.0)|(60, 25, 65.0)|(60, 32, 68.0)|(60, 45, 75.0)|(60, 63, 87.0)|(60, 80, 100.0)|(60, 91, 109.0)|(60, 144, 156.0)|(60, 175, 185.0)|(60, 221, 229.0)|(60, 297, 303.0)|(60, 448, 452.0)|(60, 899, 901.0)|(62, 960, 962.0)|(63, 16, 65.0)|(63, 60, 87.0)|(63, 84, 105.0)|(63, 216, 225.0)|(63, 280, 287.0)|(63, 660, 663.0)|(64, 48, 80.0)|(64, 120, 136.0)|(64, 252, 260.0)|(64, 510, 514.0)|(65, 72, 97.0)|(65, 156, 169.0)|(65, 420, 425.0)|(66, 88, 110.0)|(66, 112, 130.0)|(66, 360, 366.0)|(68, 51, 85.0)|(68, 285, 293.0)|(68, 576, 580.0)|(69, 92, 115.0)|(69, 260, 269.0)|(69, 792, 795.0)|(70, 24, 74.0)|(70, 168, 182.0)|(70, 240, 250.0)|(72, 21, 75.0)|(72, 30, 78.0)|(72, 54, 90.0)|(72, 65, 97.0)|(72, 96, 120.0)|(72, 135, 153.0)|(72, 154, 170.0)|(72, 210, 222.0)|(72, 320, 328.0)|(72, 429, 435.0)|(72, 646, 650.0)|(75, 40, 85.0)|(75, 100, 125.0)|(75, 180, 195.0)|(75, 308, 317.0)|(75, 560, 565.0)|(75, 936, 939.0)|(76, 57, 95.0)|(76, 357, 365.0)|(76, 720, 724.0)|(77, 36, 85.0)|(77, 264, 275.0)|(77, 420, 427.0)|(78, 104, 130.0)|(78, 160, 178.0)|(78, 504, 510.0)|(80, 18, 82.0)|(80, 39, 89.0)|(80, 60, 100.0)|(80, 84, 116.0)|(80, 150, 170.0)|(80, 192, 208.0)|(80, 315, 325.0)|(80, 396, 404.0)|(80, 798, 802.0)|(81, 108, 135.0)|(81, 360, 369.0)|(84, 13, 85.0)|(84, 35, 91.0)|(84, 63, 105.0)|(84, 80, 116.0)|(84, 112, 140.0)|(84, 135, 159.0)|(84, 187, 205.0)|(84, 245, 259.0)|(84, 288, 300.0)|(84, 437, 445.0)|(84, 585, 591.0)|(84, 880, 884.0)|(85, 132, 157.0)|(85, 204, 221.0)|(85, 720, 725.0)|(87, 116, 145.0)|(87, 416, 425.0)|(88, 66, 110.0)|(88, 105, 137.0)|(88, 165, 187.0)|(88, 234, 250.0)|(88, 480, 488.0)|(88, 966, 970.0)|(90, 48, 102.0)|(90, 56, 106.0)|(90, 120, 150.0)|(90, 216, 234.0)|(90, 400, 410.0)|(90, 672, 678.0)|(91, 60, 109.0)|(91, 312, 325.0)|(91, 588, 595.0)|(92, 69, 115.0)|(92, 525, 533.0)|(93, 124, 155.0)|(93, 476, 485.0)|(95, 168, 193.0)|(95, 228, 247.0)|(95, 900, 905.0)|(96, 28, 100.0)|(96, 40, 104.0)|(96, 72, 120.0)|(96, 110, 146.0)|(96, 128, 160.0)|(96, 180, 204.0)|(96, 247, 265.0)|(96, 280, 296.0)|(96, 378, 390.0)|(96, 572, 580.0)|(96, 765, 771.0)|(98, 336, 350.0)|(99, 20, 101.0)|(99, 132, 165.0)|(99, 168, 195.0)|(99, 440, 451.0)|(99, 540, 549.0)|(100, 75, 125.0)|(100, 105, 145.0)|(100, 240, 260.0)|(100, 495, 505.0)|(100, 621, 629.0)|(102, 136, 170.0)|(102, 280, 298.0)|(102, 864, 870.0)|(104, 78, 130.0)|(104, 153, 185.0)|(104, 195, 221.0)|(104, 330, 346.0)|(104, 672, 680.0)|(105, 36, 111.0)|(105, 56, 119.0)|(105, 88, 137.0)|(105, 100, 145.0)|(105, 140, 175.0)|(105, 208, 233.0)|(105, 252, 273.0)|(105, 360, 375.0)|(105, 608, 617.0)|(105, 784, 791.0)|(108, 45, 117.0)|(108, 81, 135.0)|(108, 144, 180.0)|(108, 231, 255.0)|(108, 315, 333.0)|(108, 480, 492.0)|(108, 725, 733.0)|(108, 969, 975.0)|(110, 96, 146.0)|(110, 264, 286.0)|(110, 600, 610.0)|(111, 148, 185.0)|(111, 680, 689.0)|(112, 15, 113.0)|(112, 66, 130.0)|(112, 84, 140.0)|(112, 180, 212.0)|(112, 210, 238.0)|(112, 384, 400.0)|(112, 441, 455.0)|(112, 780, 788.0)|(114, 152, 190.0)|(114, 352, 370.0)|(115, 252, 277.0)|(115, 276, 299.0)|(116, 87, 145.0)|(116, 837, 845.0)|(117, 44, 125.0)|(117, 156, 195.0)|(117, 240, 267.0)|(117, 520, 533.0)|(117, 756, 765.0)|(119, 120, 169.0)|(119, 408, 425.0)|(120, 22, 122.0)|(120, 27, 123.0)|(120, 35, 125.0)|(120, 50, 130.0)|(120, 64, 136.0)|(120, 90, 150.0)|(120, 119, 169.0)|(120, 126, 174.0)|(120, 160, 200.0)|(120, 182, 218.0)|(120, 209, 241.0)|(120, 225, 255.0)|(120, 288, 312.0)|(120, 350, 370.0)|(120, 391, 409.0)|(120, 442, 458.0)|(120, 594, 606.0)|(120, 715, 725.0)|(120, 896, 904.0)|(121, 660, 671.0)|(123, 164, 205.0)|(123, 836, 845.0)|(124, 93, 155.0)|(124, 957, 965.0)|(125, 300, 325.0)|(126, 32, 130.0)|(126, 120, 174.0)|(126, 168, 210.0)|(126, 432, 450.0)|(126, 560, 574.0)|(128, 96, 160.0)|(128, 240, 272.0)|(128, 504, 520.0)|(129, 172, 215.0)|(129, 920, 929.0)|(130, 144, 194.0)|(130, 312, 338.0)|(130, 840, 850.0)|(132, 55, 143.0)|(132, 85, 157.0)|(132, 99, 165.0)|(132, 176, 220.0)|(132, 224, 260.0)|(132, 351, 375.0)|(132, 385, 407.0)|(132, 475, 493.0)|(132, 720, 732.0)|(133, 156, 205.0)|(133, 456, 475.0)|(135, 72, 153.0)|(135, 84, 159.0)|(135, 180, 225.0)|(135, 324, 351.0)|(135, 352, 377.0)|(135, 600, 615.0)|(136, 102, 170.0)|(136, 255, 289.0)|(136, 273, 305.0)|(136, 570, 586.0)|(138, 184, 230.0)|(138, 520, 538.0)|(140, 48, 148.0)|(140, 51, 149.0)|(140, 105, 175.0)|(140, 147, 203.0)|(140, 171, 221.0)|(140, 225, 265.0)|(140, 336, 364.0)|(140, 480, 500.0)|(140, 693, 707.0)|(140, 975, 985.0)|(141, 188, 235.0)|(143, 24, 145.0)|(143, 780, 793.0)|(143, 924, 935.0)|(144, 17, 145.0)|(144, 42, 150.0)|(144, 60, 156.0)|(144, 108, 180.0)|(144, 130, 194.0)|(144, 165, 219.0)|(144, 192, 240.0)|(144, 270, 306.0)|(144, 308, 340.0)|(144, 420, 444.0)|(144, 567, 585.0)|(144, 640, 656.0)|(144, 858, 870.0)|(145, 348, 377.0)|(145, 408, 433.0)|(147, 140, 203.0)|(147, 196, 245.0)|(147, 504, 525.0)|(148, 111, 185.0)|(150, 80, 170.0)|(150, 200, 250.0)|(150, 360, 390.0)|(150, 616, 634.0)|(152, 114, 190.0)|(152, 285, 323.0)|(152, 345, 377.0)|(152, 714, 730.0)|(153, 104, 185.0)|(153, 204, 255.0)|(153, 420, 447.0)|(153, 680, 697.0)|(154, 72, 170.0)|(154, 528, 550.0)|(154, 840, 854.0)|(155, 372, 403.0)|(155, 468, 493.0)|(156, 65, 169.0)|(156, 117, 195.0)|(156, 133, 205.0)|(156, 208, 260.0)|(156, 320, 356.0)|(156, 455, 481.0)|(156, 495, 519.0)|(156, 667, 685.0)|(159, 212, 265.0)|(160, 36, 164.0)|(160, 78, 178.0)|(160, 120, 200.0)|(160, 168, 232.0)|(160, 231, 281.0)|(160, 300, 340.0)|(160, 384, 416.0)|(160, 630, 650.0)|(160, 792, 808.0)|(161, 240, 289.0)|(161, 552, 575.0)|(162, 216, 270.0)|(162, 720, 738.0)|(164, 123, 205.0)|(165, 52, 173.0)|(165, 88, 187.0)|(165, 144, 219.0)|(165, 220, 275.0)|(165, 280, 325.0)|(165, 396, 429.0)|(165, 532, 557.0)|(165, 900, 915.0)|(168, 26, 170.0)|(168, 49, 175.0)|(168, 70, 182.0)|(168, 95, 193.0)|(168, 99, 195.0)|(168, 126, 210.0)|(168, 160, 232.0)|(168, 224, 280.0)|(168, 270, 318.0)|(168, 315, 357.0)|(168, 374, 410.0)|(168, 425, 457.0)|(168, 490, 518.0)|(168, 576, 600.0)|(168, 775, 793.0)|(168, 874, 890.0)|(170, 264, 314.0)|(170, 408, 442.0)|(171, 140, 221.0)|(171, 228, 285.0)|(171, 528, 555.0)|(171, 760, 779.0)|(172, 129, 215.0)|(174, 232, 290.0)|(174, 832, 850.0)|(175, 60, 185.0)|(175, 288, 337.0)|(175, 420, 455.0)|(175, 600, 625.0)|(176, 57, 185.0)|(176, 132, 220.0)|(176, 210, 274.0)|(176, 330, 374.0)|(176, 468, 500.0)|(176, 693, 715.0)|(176, 960, 976.0)|(177, 236, 295.0)|(180, 19, 181.0)|(180, 33, 183.0)|(180, 75, 195.0)|(180, 96, 204.0)|(180, 112, 212.0)|(180, 135, 225.0)|(180, 189, 261.0)|(180, 240, 300.0)|(180, 273, 327.0)|(180, 299, 349.0)|(180, 385, 425.0)|(180, 432, 468.0)|(180, 525, 555.0)|(180, 663, 687.0)|(180, 800, 820.0)|(180, 891, 909.0)|(182, 120, 218.0)|(182, 624, 650.0)|(183, 244, 305.0)|(184, 138, 230.0)|(184, 345, 391.0)|(184, 513, 545.0)|(185, 444, 481.0)|(185, 672, 697.0)|(186, 248, 310.0)|(186, 952, 970.0)|(187, 84, 205.0)|(188, 141, 235.0)|(189, 48, 195.0)|(189, 180, 261.0)|(189, 252, 315.0)|(189, 340, 389.0)|(189, 648, 675.0)|(189, 840, 861.0)|(190, 336, 386.0)|(190, 456, 494.0)|(192, 56, 200.0)|(192, 80, 208.0)|(192, 144, 240.0)|(192, 220, 292.0)|(192, 256, 320.0)|(192, 360, 408.0)|(192, 494, 530.0)|(192, 560, 592.0)|(192, 756, 780.0)|(195, 28, 197.0)|(195, 104, 221.0)|(195, 216, 291.0)|(195, 260, 325.0)|(195, 400, 445.0)|(195, 468, 507.0)|(195, 748, 773.0)|(196, 147, 245.0)|(196, 315, 371.0)|(196, 672, 700.0)|(198, 40, 202.0)|(198, 264, 330.0)|(198, 336, 390.0)|(198, 880, 902.0)|(200, 45, 205.0)|(200, 150, 250.0)|(200, 210, 290.0)|(200, 375, 425.0)|(200, 480, 520.0)|(200, 609, 641.0)|(200, 990, 1010.0)|(201, 268, 335.0)|(203, 396, 445.0)|(203, 696, 725.0)|(204, 85, 221.0)|(204, 153, 255.0)|(204, 253, 325.0)|(204, 272, 340.0)|(204, 560, 596.0)|(204, 595, 629.0)|(204, 855, 879.0)|(205, 492, 533.0)|(205, 828, 853.0)|(207, 224, 305.0)|(207, 276, 345.0)|(207, 780, 807.0)|(207, 920, 943.0)|(208, 105, 233.0)|(208, 156, 260.0)|(208, 306, 370.0)|(208, 390, 442.0)|(208, 660, 692.0)|(208, 819, 845.0)|(209, 120, 241.0)|(210, 72, 222.0)|(210, 112, 238.0)|(210, 176, 274.0)|(210, 200, 290.0)|(210, 280, 350.0)|(210, 416, 466.0)|(210, 504, 546.0)|(210, 720, 750.0)|(212, 159, 265.0)|(213, 284, 355.0)|(215, 516, 559.0)|(215, 912, 937.0)|(216, 63, 225.0)|(216, 90, 234.0)|(216, 162, 270.0)|(216, 195, 291.0)|(216, 288, 360.0)|(216, 405, 459.0)|(216, 462, 510.0)|(216, 630, 666.0)|(216, 713, 745.0)|(216, 960, 984.0)|(217, 456, 505.0)|(217, 744, 775.0)|(219, 292, 365.0)|(220, 21, 221.0)|(220, 165, 275.0)|(220, 192, 292.0)|(220, 231, 319.0)|(220, 459, 509.0)|(220, 528, 572.0)|(220, 585, 625.0)|(221, 60, 229.0)|(222, 296, 370.0)|(224, 30, 226.0)|(224, 132, 260.0)|(224, 168, 280.0)|(224, 207, 305.0)|(224, 360, 424.0)|(224, 420, 476.0)|(224, 768, 800.0)|(224, 882, 910.0)|(225, 120, 255.0)|(225, 140, 265.0)|(225, 272, 353.0)|(225, 300, 375.0)|(225, 540, 585.0)|(225, 924, 951.0)|(228, 95, 247.0)|(228, 171, 285.0)|(228, 304, 380.0)|(228, 325, 397.0)|(228, 665, 703.0)|(228, 704, 740.0)|(230, 504, 554.0)|(230, 552, 598.0)|(231, 108, 255.0)|(231, 160, 281.0)|(231, 220, 319.0)|(231, 308, 385.0)|(231, 392, 455.0)|(231, 520, 569.0)|(231, 792, 825.0)|(232, 174, 290.0)|(232, 435, 493.0)|(232, 825, 857.0)|(234, 88, 250.0)|(234, 312, 390.0)|(234, 480, 534.0)|(235, 564, 611.0)|(236, 177, 295.0)|(237, 316, 395.0)|(238, 240, 338.0)|(238, 816, 850.0)|(240, 44, 244.0)|(240, 54, 246.0)|(240, 70, 250.0)|(240, 100, 260.0)|(240, 117, 267.0)|(240, 128, 272.0)|(240, 161, 289.0)|(240, 180, 300.0)|(240, 238, 338.0)|(240, 252, 348.0)|(240, 275, 365.0)|(240, 320, 400.0)|(240, 364, 436.0)|(240, 418, 482.0)|(240, 450, 510.0)|(240, 551, 601.0)|(240, 576, 624.0)|(240, 700, 740.0)|(240, 782, 818.0)|(240, 884, 916.0)|(240, 945, 975.0)|(243, 324, 405.0)|(244, 183, 305.0)|(245, 84, 259.0)|(245, 588, 637.0)|(245, 840, 875.0)|(246, 328, 410.0)|(247, 96, 265.0)|(248, 186, 310.0)|(248, 465, 527.0)|(248, 945, 977.0)|(249, 332, 415.0)|(250, 600, 650.0)|(252, 39, 255.0)|(252, 64, 260.0)|(252, 105, 273.0)|(252, 115, 277.0)|(252, 189, 315.0)|(252, 240, 348.0)|(252, 275, 373.0)|(252, 336, 420.0)|(252, 405, 477.0)|(252, 539, 595.0)|(252, 561, 615.0)|(252, 735, 777.0)|(252, 864, 900.0)|(253, 204, 325.0)|(255, 32, 257.0)|(255, 136, 289.0)|(255, 340, 425.0)|(255, 396, 471.0)|(255, 612, 663.0)|(255, 700, 745.0)|(256, 192, 320.0)|(256, 480, 544.0)|(258, 344, 430.0)|(259, 660, 709.0)|(259, 888, 925.0)|(260, 69, 269.0)|(260, 195, 325.0)|(260, 273, 377.0)|(260, 288, 388.0)|(260, 624, 676.0)|(260, 651, 701.0)|(260, 825, 865.0)|(261, 348, 435.0)|(261, 380, 461.0)|(264, 23, 265.0)|(264, 77, 275.0)|(264, 110, 286.0)|(264, 170, 314.0)|(264, 198, 330.0)|(264, 315, 411.0)|(264, 352, 440.0)|(264, 448, 520.0)|(264, 495, 561.0)|(264, 702, 750.0)|(264, 770, 814.0)|(264, 950, 986.0)|(265, 636, 689.0)|(266, 312, 410.0)|(266, 912, 950.0)|(267, 356, 445.0)|(268, 201, 335.0)|(270, 144, 306.0)|(270, 168, 318.0)|(270, 360, 450.0)|(270, 648, 702.0)|(270, 704, 754.0)|(272, 204, 340.0)|(272, 225, 353.0)|(272, 510, 578.0)|(272, 546, 610.0)|(273, 136, 305.0)|(273, 180, 327.0)|(273, 260, 377.0)|(273, 364, 455.0)|(273, 560, 623.0)|(273, 736, 785.0)|(273, 936, 975.0)|(275, 240, 365.0)|(275, 252, 373.0)|(275, 660, 715.0)|(276, 115, 299.0)|(276, 207, 345.0)|(276, 368, 460.0)|(276, 493, 565.0)|(276, 805, 851.0)|(279, 372, 465.0)|(279, 440, 521.0)|(280, 63, 287.0)|(280, 96, 296.0)|(280, 102, 298.0)|(280, 165, 325.0)|(280, 210, 350.0)|(280, 294, 406.0)|(280, 342, 442.0)|(280, 351, 449.0)|(280, 450, 530.0)|(280, 525, 595.0)|(280, 672, 728.0)|(280, 759, 809.0)|(280, 960, 1000.0)|(282, 376, 470.0)|(284, 213, 355.0)|(285, 68, 293.0)|(285, 152, 323.0)|(285, 380, 475.0)|(285, 504, 579.0)|(285, 684, 741.0)|(285, 880, 925.0)|(286, 48, 290.0)|(287, 816, 865.0)|(287, 984, 1025.0)|(288, 34, 290.0)|(288, 84, 300.0)|(288, 120, 312.0)|(288, 175, 337.0)|(288, 216, 360.0)|(288, 260, 388.0)|(288, 330, 438.0)|(288, 384, 480.0)|(288, 540, 612.0)|(288, 616, 680.0)|(288, 741, 795.0)|(288, 840, 888.0)|(290, 696, 754.0)|(290, 816, 866.0)|(291, 388, 485.0)|(292, 219, 365.0)|(294, 280, 406.0)|(294, 392, 490.0)|(295, 708, 767.0)|(296, 222, 370.0)|(296, 555, 629.0)|(297, 60, 303.0)|(297, 304, 425.0)|(297, 396, 495.0)|(297, 504, 585.0)|(299, 180, 349.0)|(300, 55, 305.0)|(300, 125, 325.0)|(300, 160, 340.0)|(300, 225, 375.0)|(300, 315, 435.0)|(300, 400, 500.0)|(300, 455, 545.0)|(300, 589, 661.0)|(300, 720, 780.0)|(300, 875, 925.0)|(301, 900, 949.0)|(303, 404, 505.0)|(304, 228, 380.0)|(304, 297, 425.0)|(304, 570, 646.0)|(304, 690, 754.0)|(305, 732, 793.0)|(306, 208, 370.0)|(306, 408, 510.0)|(306, 840, 894.0)|(308, 75, 317.0)|(308, 144, 340.0)|(308, 231, 385.0)|(308, 435, 533.0)|(308, 495, 583.0)|(308, 819, 875.0)|(309, 412, 515.0)|(310, 744, 806.0)|(310, 936, 986.0)|(312, 25, 313.0)|(312, 91, 325.0)|(312, 130, 338.0)|(312, 234, 390.0)|(312, 266, 410.0)|(312, 416, 520.0)|(312, 459, 555.0)|(312, 585, 663.0)|(312, 640, 712.0)|(312, 910, 962.0)|(312, 990, 1038.0)|(315, 80, 325.0)|(315, 108, 333.0)|(315, 168, 357.0)|(315, 196, 371.0)|(315, 264, 411.0)|(315, 300, 435.0)|(315, 420, 525.0)|(315, 572, 653.0)|(315, 624, 699.0)|(315, 756, 819.0)|(315, 988, 1037.0)|(316, 237, 395.0)|(318, 424, 530.0)|(319, 360, 481.0)|(320, 72, 328.0)|(320, 156, 356.0)|(320, 240, 400.0)|(320, 336, 464.0)|(320, 462, 562.0)|(320, 600, 680.0)|(320, 768, 832.0)|(320, 999, 1049.0)|(321, 428, 535.0)|(322, 480, 578.0)|(323, 36, 325.0)|(324, 135, 351.0)|(324, 243, 405.0)|(324, 432, 540.0)|(324, 693, 765.0)|(324, 945, 999.0)|(325, 228, 397.0)|(325, 360, 485.0)|(325, 780, 845.0)|(327, 436, 545.0)|(328, 246, 410.0)|(328, 615, 697.0)|(330, 104, 346.0)|(330, 176, 374.0)|(330, 288, 438.0)|(330, 440, 550.0)|(330, 560, 650.0)|(330, 792, 858.0)|(332, 249, 415.0)|(333, 444, 555.0)|(333, 644, 725.0)|(335, 804, 871.0)|(336, 45, 339.0)|(336, 52, 340.0)|(336, 98, 350.0)|(336, 140, 364.0)|(336, 190, 386.0)|(336, 198, 390.0)|(336, 252, 420.0)|(336, 320, 464.0)|(336, 377, 505.0)|(336, 385, 511.0)|(336, 448, 560.0)|(336, 527, 625.0)|(336, 540, 636.0)|(336, 630, 714.0)|(336, 748, 820.0)|(336, 850, 914.0)|(336, 980, 1036.0)|(339, 452, 565.0)|(340, 189, 389.0)|(340, 255, 425.0)|(340, 357, 493.0)|(340, 528, 628.0)|(340, 816, 884.0)|(341, 420, 541.0)|(342, 280, 442.0)|(342, 456, 570.0)|(344, 258, 430.0)|(344, 645, 731.0)|(345, 152, 377.0)|(345, 184, 391.0)|(345, 460, 575.0)|(345, 756, 831.0)|(345, 828, 897.0)|(348, 145, 377.0)|(348, 261, 435.0)|(348, 464, 580.0)|(348, 805, 877.0)|(350, 120, 370.0)|(350, 576, 674.0)|(350, 840, 910.0)|(351, 132, 375.0)|(351, 280, 449.0)|(351, 468, 585.0)|(351, 720, 801.0)|(352, 114, 370.0)|(352, 135, 377.0)|(352, 264, 440.0)|(352, 420, 548.0)|(352, 660, 748.0)|(352, 936, 1000.0)|(354, 472, 590.0)|(355, 852, 923.0)|(356, 267, 445.0)|(357, 76, 365.0)|(357, 340, 493.0)|(357, 360, 507.0)|(357, 476, 595.0)|(357, 980, 1043.0)|(360, 38, 362.0)|(360, 66, 366.0)|(360, 81, 369.0)|(360, 105, 375.0)|(360, 150, 390.0)|(360, 192, 408.0)|(360, 224, 424.0)|(360, 270, 450.0)|(360, 319, 481.0)|(360, 325, 485.0)|(360, 357, 507.0)|(360, 378, 522.0)|(360, 480, 600.0)|(360, 546, 654.0)|(360, 598, 698.0)|(360, 627, 723.0)|(360, 675, 765.0)|(360, 770, 850.0)|(360, 864, 936.0)|(363, 484, 605.0)|(363, 616, 715.0)|(364, 27, 365.0)|(364, 240, 436.0)|(364, 273, 455.0)|(364, 585, 689.0)|(364, 627, 725.0)|(365, 876, 949.0)|(366, 488, 610.0)|(368, 276, 460.0)|(368, 465, 593.0)|(368, 690, 782.0)|(369, 492, 615.0)|(369, 800, 881.0)|(370, 888, 962.0)|(372, 155, 403.0)|(372, 279, 465.0)|(372, 496, 620.0)|(372, 925, 997.0)|(374, 168, 410.0)|(375, 200, 425.0)|(375, 500, 625.0)|(375, 900, 975.0)|(376, 282, 470.0)|(376, 705, 799.0)|(377, 336, 505.0)|(378, 96, 390.0)|(378, 360, 522.0)|(378, 504, 630.0)|(378, 680, 778.0)|(380, 261, 461.0)|(380, 285, 475.0)|(380, 399, 551.0)|(380, 672, 772.0)|(380, 912, 988.0)|(381, 508, 635.0)|(384, 112, 400.0)|(384, 160, 416.0)|(384, 288, 480.0)|(384, 440, 584.0)|(384, 512, 640.0)|(384, 720, 816.0)|(384, 988, 1060.0)|(385, 132, 407.0)|(385, 180, 425.0)|(385, 336, 511.0)|(385, 552, 673.0)|(385, 924, 1001.0)|(387, 516, 645.0)|(387, 884, 965.0)|(388, 291, 485.0)|(390, 56, 394.0)|(390, 208, 442.0)|(390, 432, 582.0)|(390, 520, 650.0)|(390, 800, 890.0)|(390, 936, 1014.0)|(391, 120, 409.0)|(392, 231, 455.0)|(392, 294, 490.0)|(392, 630, 742.0)|(392, 735, 833.0)|(393, 524, 655.0)|(395, 948, 1027.0)|(396, 80, 404.0)|(396, 165, 429.0)|(396, 203, 445.0)|(396, 255, 471.0)|(396, 297, 495.0)|(396, 403, 565.0)|(396, 528, 660.0)|(396, 672, 780.0)|(396, 847, 935.0)|(399, 40, 401.0)|(399, 380, 551.0)|(399, 468, 615.0)|(399, 532, 665.0)|(400, 90, 410.0)|(400, 195, 445.0)|(400, 300, 500.0)|(400, 420, 580.0)|(400, 561, 689.0)|(400, 750, 850.0)|(400, 960, 1040.0)|(402, 536, 670.0)|(403, 396, 565.0)|(404, 303, 505.0)|(405, 216, 459.0)|(405, 252, 477.0)|(405, 540, 675.0)|(405, 972, 1053.0)|(406, 792, 890.0)|(407, 624, 745.0)|(408, 119, 425.0)|(408, 145, 433.0)|(408, 170, 442.0)|(408, 306, 510.0)|(408, 506, 650.0)|(408, 544, 680.0)|(408, 765, 867.0)|(408, 819, 915.0)|(410, 984, 1066.0)|(411, 548, 685.0)|(412, 309, 515.0)|(414, 448, 610.0)|(414, 552, 690.0)|(415, 996, 1079.0)|(416, 87, 425.0)|(416, 210, 466.0)|(416, 312, 520.0)|(416, 612, 740.0)|(416, 780, 884.0)|(417, 556, 695.0)|(418, 240, 482.0)|(420, 29, 421.0)|(420, 65, 425.0)|(420, 77, 427.0)|(420, 144, 444.0)|(420, 153, 447.0)|(420, 175, 455.0)|(420, 224, 476.0)|(420, 315, 525.0)|(420, 341, 541.0)|(420, 352, 548.0)|(420, 400, 580.0)|(420, 441, 609.0)|(420, 513, 663.0)|(420, 560, 700.0)|(420, 637, 763.0)|(420, 675, 795.0)|(420, 832, 932.0)|(420, 851, 949.0)|(420, 935, 1025.0)|(423, 564, 705.0)|(424, 318, 530.0)|(424, 795, 901.0)|(425, 168, 457.0)|(425, 660, 785.0)|(426, 568, 710.0)|(428, 321, 535.0)|(429, 72, 435.0)|(429, 460, 629.0)|(429, 572, 715.0)|(429, 700, 821.0)|(429, 728, 845.0)|(429, 880, 979.0)|(432, 51, 435.0)|(432, 126, 450.0)|(432, 180, 468.0)|(432, 324, 540.0)|(432, 390, 582.0)|(432, 495, 657.0)|(432, 576, 720.0)|(432, 665, 793.0)|(432, 810, 918.0)|(432, 924, 1020.0)|(434, 912, 1010.0)|(435, 232, 493.0)|(435, 308, 533.0)|(435, 580, 725.0)|(436, 327, 545.0)|(437, 84, 445.0)|(438, 584, 730.0)|(440, 42, 442.0)|(440, 99, 451.0)|(440, 279, 521.0)|(440, 330, 550.0)|(440, 384, 584.0)|(440, 462, 638.0)|(440, 525, 685.0)|(440, 825, 935.0)|(440, 918, 1018.0)|(441, 112, 455.0)|(441, 420, 609.0)|(441, 588, 735.0)|(442, 120, 458.0)|(444, 185, 481.0)|(444, 333, 555.0)|(444, 592, 740.0)|(447, 596, 745.0)|(448, 60, 452.0)|(448, 264, 520.0)|(448, 336, 560.0)|(448, 414, 610.0)|(448, 720, 848.0)|(448, 840, 952.0)|(448, 975, 1073.0)|(450, 240, 510.0)|(450, 280, 530.0)|(450, 544, 706.0)|(450, 600, 750.0)|(451, 780, 901.0)|(452, 339, 565.0)|(453, 604, 755.0)|(455, 156, 481.0)|(455, 300, 545.0)|(455, 504, 679.0)|(455, 528, 697.0)|(456, 133, 475.0)|(456, 190, 494.0)|(456, 217, 505.0)|(456, 342, 570.0)|(456, 608, 760.0)|(456, 650, 794.0)|(456, 855, 969.0)|(459, 220, 509.0)|(459, 312, 555.0)|(459, 612, 765.0)|(460, 345, 575.0)|(460, 429, 629.0)|(460, 483, 667.0)|(462, 216, 510.0)|(462, 320, 562.0)|(462, 440, 638.0)|(462, 616, 770.0)|(462, 784, 910.0)|(464, 348, 580.0)|(464, 777, 905.0)|(464, 870, 986.0)|(465, 248, 527.0)|(465, 368, 593.0)|(465, 620, 775.0)|(468, 155, 493.0)|(468, 176, 500.0)|(468, 195, 507.0)|(468, 351, 585.0)|(468, 399, 615.0)|(468, 595, 757.0)|(468, 624, 780.0)|(468, 960, 1068.0)|(471, 628, 785.0)|(472, 354, 590.0)|(472, 885, 1003.0)|(473, 864, 985.0)|(474, 632, 790.0)|(475, 132, 493.0)|(475, 840, 965.0)|(476, 93, 485.0)|(476, 357, 595.0)|(476, 480, 676.0)|(476, 765, 901.0)|(477, 636, 795.0)|(480, 31, 481.0)|(480, 88, 488.0)|(480, 108, 492.0)|(480, 140, 500.0)|(480, 200, 520.0)|(480, 234, 534.0)|(480, 256, 544.0)|(480, 322, 578.0)|(480, 360, 600.0)|(480, 476, 676.0)|(480, 504, 696.0)|(480, 550, 730.0)|(480, 640, 800.0)|(480, 693, 843.0)|(480, 728, 872.0)|(480, 836, 964.0)|(480, 900, 1020.0)|(481, 600, 769.0)|(483, 44, 485.0)|(483, 460, 667.0)|(483, 644, 805.0)|(483, 720, 867.0)|(484, 363, 605.0)|(486, 648, 810.0)|(488, 366, 610.0)|(488, 915, 1037.0)|(489, 652, 815.0)|(490, 168, 518.0)|(492, 205, 533.0)|(492, 369, 615.0)|(492, 656, 820.0)|(493, 276, 565.0)|(494, 192, 530.0)|(495, 100, 505.0)|(495, 156, 519.0)|(495, 264, 561.0)|(495, 308, 583.0)|(495, 432, 657.0)|(495, 660, 825.0)|(495, 840, 975.0)|(495, 952, 1073.0)|(496, 372, 620.0)|(496, 897, 1025.0)|(496, 930, 1054.0)|(498, 664, 830.0)|(500, 375, 625.0)|(500, 525, 725.0)|(501, 668, 835.0)|(504, 78, 510.0)|(504, 128, 520.0)|(504, 147, 525.0)|(504, 210, 546.0)|(504, 230, 554.0)|(504, 285, 579.0)|(504, 297, 585.0)|(504, 378, 630.0)|(504, 455, 679.0)|(504, 480, 696.0)|(504, 550, 746.0)|(504, 672, 840.0)|(504, 703, 865.0)|(504, 810, 954.0)|(504, 945, 1071.0)|(506, 408, 650.0)|(507, 676, 845.0)|(508, 381, 635.0)|(510, 64, 514.0)|(510, 272, 578.0)|(510, 680, 850.0)|(510, 792, 942.0)|(512, 384, 640.0)|(512, 960, 1088.0)|(513, 184, 545.0)|(513, 420, 663.0)|(513, 684, 855.0)|(516, 215, 559.0)|(516, 387, 645.0)|(516, 688, 860.0)|(519, 692, 865.0)|(520, 117, 533.0)|(520, 138, 538.0)|(520, 231, 569.0)|(520, 390, 650.0)|(520, 546, 754.0)|(520, 576, 776.0)|(520, 765, 925.0)|(520, 975, 1105.0)|(522, 696, 870.0)|(522, 760, 922.0)|(524, 393, 655.0)|(525, 92, 533.0)|(525, 180, 555.0)|(525, 280, 595.0)|(525, 440, 685.0)|(525, 500, 725.0)|(525, 700, 875.0)|(525, 864, 1011.0)|(527, 336, 625.0)|(528, 46, 530.0)|(528, 154, 550.0)|(528, 171, 555.0)|(528, 220, 572.0)|(528, 340, 628.0)|(528, 396, 660.0)|(528, 455, 697.0)|(528, 605, 803.0)|(528, 630, 822.0)|(528, 704, 880.0)|(528, 896, 1040.0)|(528, 990, 1122.0)|(531, 708, 885.0)|(532, 165, 557.0)|(532, 399, 665.0)|(532, 624, 820.0)|(532, 855, 1007.0)|(533, 756, 925.0)|(534, 712, 890.0)|(536, 402, 670.0)|(537, 716, 895.0)|(539, 252, 595.0)|(540, 57, 543.0)|(540, 99, 549.0)|(540, 225, 585.0)|(540, 288, 612.0)|(540, 336, 636.0)|(540, 405, 675.0)|(540, 567, 783.0)|(540, 629, 829.0)|(540, 720, 900.0)|(540, 819, 981.0)|(540, 897, 1047.0)|(543, 724, 905.0)|(544, 33, 545.0)|(544, 408, 680.0)|(544, 450, 706.0)|(546, 272, 610.0)|(546, 360, 654.0)|(546, 520, 754.0)|(546, 728, 910.0)|(548, 411, 685.0)|(549, 732, 915.0)|(550, 480, 730.0)|(550, 504, 746.0)|(551, 240, 601.0)|(552, 161, 575.0)|(552, 230, 598.0)|(552, 385, 673.0)|(552, 414, 690.0)|(552, 736, 920.0)|(552, 986, 1130.0)|(555, 296, 629.0)|(555, 572, 797.0)|(555, 740, 925.0)|(556, 417, 695.0)|(558, 744, 930.0)|(558, 880, 1042.0)|(559, 840, 1009.0)|(560, 75, 565.0)|(560, 126, 574.0)|(560, 192, 592.0)|(560, 204, 596.0)|(560, 273, 623.0)|(560, 330, 650.0)|(560, 420, 700.0)|(560, 588, 812.0)|(560, 684, 884.0)|(560, 702, 898.0)|(560, 900, 1060.0)|(561, 252, 615.0)|(561, 400, 689.0)|(561, 748, 935.0)|(561, 952, 1105.0)|(564, 235, 611.0)|(564, 423, 705.0)|(564, 752, 940.0)|(567, 144, 585.0)|(567, 540, 783.0)|(567, 756, 945.0)|(568, 426, 710.0)|(570, 136, 586.0)|(570, 304, 646.0)|(570, 760, 950.0)|(572, 96, 580.0)|(572, 315, 653.0)|(572, 429, 715.0)|(572, 555, 797.0)|(573, 764, 955.0)|(575, 48, 577.0)|(576, 68, 580.0)|(576, 168, 600.0)|(576, 240, 624.0)|(576, 350, 674.0)|(576, 432, 720.0)|(576, 520, 776.0)|(576, 660, 876.0)|(576, 768, 960.0)|(576, 943, 1105.0)|(579, 772, 965.0)|(580, 435, 725.0)|(580, 609, 841.0)|(580, 741, 941.0)|(582, 776, 970.0)|(584, 438, 730.0)|(585, 84, 591.0)|(585, 220, 625.0)|(585, 312, 663.0)|(585, 364, 689.0)|(585, 648, 873.0)|(585, 780, 975.0)|(585, 928, 1097.0)|(588, 91, 595.0)|(588, 245, 637.0)|(588, 441, 735.0)|(588, 560, 812.0)|(588, 784, 980.0)|(588, 945, 1113.0)|(589, 300, 661.0)|(591, 788, 985.0)|(592, 444, 740.0)|(594, 120, 606.0)|(594, 608, 850.0)|(594, 792, 990.0)|(595, 204, 629.0)|(595, 468, 757.0)|(595, 600, 845.0)|(595, 924, 1099.0)|(596, 447, 745.0)|(597, 796, 995.0)|(598, 360, 698.0)|(600, 110, 610.0)|(600, 135, 615.0)|(600, 175, 625.0)|(600, 250, 650.0)|(600, 320, 680.0)|(600, 450, 750.0)|(600, 481, 769.0)|(600, 595, 845.0)|(600, 630, 870.0)|(600, 800, 1000.0)|(600, 910, 1090.0)|(603, 804, 1005.0)|(604, 453, 755.0)|(605, 528, 803.0)|(606, 808, 1010.0)|(608, 105, 617.0)|(608, 456, 760.0)|(608, 594, 850.0)|(609, 200, 641.0)|(609, 580, 841.0)|(609, 812, 1015.0)|(612, 35, 613.0)|(612, 255, 663.0)|(612, 416, 740.0)|(612, 459, 765.0)|(612, 759, 975.0)|(612, 816, 1020.0)|(615, 328, 697.0)|(615, 728, 953.0)|(615, 820, 1025.0)|(616, 150, 634.0)|(616, 288, 680.0)|(616, 363, 715.0)|(616, 462, 770.0)|(616, 663, 905.0)|(616, 735, 959.0)|(616, 870, 1066.0)|(616, 990, 1166.0)|(618, 824, 1030.0)|(620, 465, 775.0)|(620, 651, 899.0)|(620, 861, 1061.0)|(621, 100, 629.0)|(621, 672, 915.0)|(621, 828, 1035.0)|(624, 50, 626.0)|(624, 182, 650.0)|(624, 260, 676.0)|(624, 315, 699.0)|(624, 407, 745.0)|(624, 468, 780.0)|(624, 532, 820.0)|(624, 715, 949.0)|(624, 832, 1040.0)|(624, 918, 1110.0)|(627, 360, 723.0)|(627, 364, 725.0)|(627, 836, 1045.0)|(628, 471, 785.0)|(629, 540, 829.0)|(630, 160, 650.0)|(630, 216, 666.0)|(630, 336, 714.0)|(630, 392, 742.0)|(630, 528, 822.0)|(630, 600, 870.0)|(630, 840, 1050.0)|(632, 474, 790.0)|(633, 844, 1055.0)|(636, 265, 689.0)|(636, 477, 795.0)|(636, 848, 1060.0)|(637, 420, 763.0)|(638, 720, 962.0)|(639, 852, 1065.0)|(640, 144, 656.0)|(640, 312, 712.0)|(640, 480, 800.0)|(640, 672, 928.0)|(640, 924, 1124.0)|(642, 856, 1070.0)|(644, 333, 725.0)|(644, 483, 805.0)|(644, 960, 1156.0)|(645, 344, 731.0)|(645, 812, 1037.0)|(645, 860, 1075.0)|(646, 72, 650.0)|(648, 189, 675.0)|(648, 270, 702.0)|(648, 486, 810.0)|(648, 585, 873.0)|(648, 864, 1080.0)|(650, 456, 794.0)|(650, 720, 970.0)|(651, 260, 701.0)|(651, 620, 899.0)|(651, 868, 1085.0)|(652, 489, 815.0)|(654, 872, 1090.0)|(656, 492, 820.0)|(657, 876, 1095.0)|(660, 63, 663.0)|(660, 121, 671.0)|(660, 208, 692.0)|(660, 259, 709.0)|(660, 275, 715.0)|(660, 352, 748.0)|(660, 425, 785.0)|(660, 495, 825.0)|(660, 576, 876.0)|(660, 693, 957.0)|(660, 779, 1021.0)|(660, 880, 1100.0)|(660, 989, 1189.0)|(663, 180, 687.0)|(663, 616, 905.0)|(663, 884, 1105.0)|(664, 498, 830.0)|(665, 228, 703.0)|(665, 432, 793.0)|(665, 780, 1025.0)|(666, 888, 1110.0)|(667, 156, 685.0)|(668, 501, 835.0)|(669, 892, 1115.0)|(672, 90, 678.0)|(672, 104, 680.0)|(672, 185, 697.0)|(672, 196, 700.0)|(672, 280, 728.0)|(672, 380, 772.0)|(672, 396, 780.0)|(672, 504, 840.0)|(672, 621, 915.0)|(672, 640, 928.0)|(672, 754, 1010.0)|(672, 770, 1022.0)|(672, 896, 1120.0)|(675, 52, 677.0)|(675, 360, 765.0)|(675, 420, 795.0)|(675, 816, 1059.0)|(675, 900, 1125.0)|(676, 507, 845.0)|(678, 904, 1130.0)|(680, 111, 689.0)|(680, 153, 697.0)|(680, 378, 778.0)|(680, 510, 850.0)|(680, 714, 986.0)|(681, 908, 1135.0)|(682, 840, 1082.0)|(684, 37, 685.0)|(684, 285, 741.0)|(684, 513, 855.0)|(684, 560, 884.0)|(684, 912, 1140.0)|(684, 975, 1191.0)|(687, 916, 1145.0)|(688, 516, 860.0)|(690, 304, 754.0)|(690, 368, 782.0)|(690, 920, 1150.0)|(692, 519, 865.0)|(693, 140, 707.0)|(693, 176, 715.0)|(693, 324, 765.0)|(693, 480, 843.0)|(693, 660, 957.0)|(693, 924, 1155.0)|(696, 203, 725.0)|(696, 290, 754.0)|(696, 522, 870.0)|(696, 697, 985.0)|(696, 928, 1160.0)|(697, 696, 985.0)|(699, 932, 1165.0)|(700, 240, 740.0)|(700, 255, 745.0)|(700, 429, 821.0)|(700, 525, 875.0)|(700, 735, 1015.0)|(700, 855, 1105.0)|(702, 264, 750.0)|(702, 560, 898.0)|(702, 936, 1170.0)|(703, 504, 865.0)|(704, 228, 740.0)|(704, 270, 754.0)|(704, 528, 880.0)|(704, 840, 1096.0)|(704, 903, 1145.0)|(705, 376, 799.0)|(705, 940, 1175.0)|(705, 992, 1217.0)|(708, 295, 767.0)|(708, 531, 885.0)|(708, 944, 1180.0)|(711, 948, 1185.0)|(712, 534, 890.0)|(713, 216, 745.0)|(714, 152, 730.0)|(714, 680, 986.0)|(714, 720, 1014.0)|(714, 952, 1190.0)|(715, 120, 725.0)|(715, 624, 949.0)|(715, 792, 1067.0)|(716, 537, 895.0)|(717, 956, 1195.0)|(720, 76, 724.0)|(720, 85, 725.0)|(720, 132, 732.0)|(720, 162, 738.0)|(720, 210, 750.0)|(720, 300, 780.0)|(720, 351, 801.0)|(720, 384, 816.0)|(720, 448, 848.0)|(720, 483, 867.0)|(720, 540, 900.0)|(720, 638, 962.0)|(720, 650, 970.0)|(720, 714, 1014.0)|(720, 756, 1044.0)|(720, 825, 1095.0)|(720, 960, 1200.0)|(723, 964, 1205.0)|(724, 543, 905.0)|(725, 108, 733.0)|(726, 968, 1210.0)|(728, 54, 730.0)|(728, 429, 845.0)|(728, 480, 872.0)|(728, 546, 910.0)|(728, 615, 953.0)|(729, 972, 1215.0)|(731, 780, 1069.0)|(732, 305, 793.0)|(732, 549, 915.0)|(732, 976, 1220.0)|(735, 252, 777.0)|(735, 392, 833.0)|(735, 616, 959.0)|(735, 700, 1015.0)|(735, 980, 1225.0)|(736, 273, 785.0)|(736, 552, 920.0)|(736, 930, 1186.0)|(738, 984, 1230.0)|(740, 555, 925.0)|(740, 777, 1073.0)|(741, 288, 795.0)|(741, 580, 941.0)|(741, 988, 1235.0)|(744, 217, 775.0)|(744, 310, 806.0)|(744, 558, 930.0)|(744, 817, 1105.0)|(744, 992, 1240.0)|(747, 996, 1245.0)|(748, 195, 773.0)|(748, 336, 820.0)|(748, 561, 935.0)|(750, 400, 850.0)|(752, 564, 940.0)|(754, 672, 1010.0)|(756, 117, 765.0)|(756, 192, 780.0)|(756, 315, 819.0)|(756, 345, 831.0)|(756, 533, 925.0)|(756, 567, 945.0)|(756, 720, 1044.0)|(756, 825, 1119.0)|(759, 280, 809.0)|(759, 612, 975.0)|(760, 39, 761.0)|(760, 171, 779.0)|(760, 522, 922.0)|(760, 570, 950.0)|(760, 798, 1102.0)|(764, 573, 955.0)|(765, 96, 771.0)|(765, 408, 867.0)|(765, 476, 901.0)|(765, 520, 925.0)|(765, 868, 1157.0)|(768, 224, 800.0)|(768, 320, 832.0)|(768, 576, 960.0)|(768, 880, 1168.0)|(770, 264, 814.0)|(770, 360, 850.0)|(770, 672, 1022.0)|(772, 579, 965.0)|(775, 168, 793.0)|(776, 582, 970.0)|(777, 464, 905.0)|(777, 740, 1073.0)|(779, 660, 1021.0)|(780, 112, 788.0)|(780, 143, 793.0)|(780, 207, 807.0)|(780, 325, 845.0)|(780, 416, 884.0)|(780, 451, 901.0)|(780, 585, 975.0)|(780, 665, 1025.0)|(780, 731, 1069.0)|(780, 819, 1131.0)|(780, 864, 1164.0)|(782, 240, 818.0)|(783, 56, 785.0)|(784, 105, 791.0)|(784, 462, 910.0)|(784, 588, 980.0)|(788, 591, 985.0)|(792, 69, 795.0)|(792, 160, 808.0)|(792, 231, 825.0)|(792, 330, 858.0)|(792, 406, 890.0)|(792, 510, 942.0)|(792, 594, 990.0)|(792, 715, 1067.0)|(792, 806, 1130.0)|(792, 945, 1233.0)|(795, 424, 901.0)|(796, 597, 995.0)|(798, 80, 802.0)|(798, 760, 1102.0)|(798, 936, 1230.0)|(799, 960, 1249.0)|(800, 180, 820.0)|(800, 369, 881.0)|(800, 390, 890.0)|(800, 600, 1000.0)|(800, 840, 1160.0)|(804, 335, 871.0)|(804, 603, 1005.0)|(805, 276, 851.0)|(805, 348, 877.0)|(806, 792, 1130.0)|(808, 606, 1010.0)|(810, 432, 918.0)|(810, 504, 954.0)|(812, 609, 1015.0)|(812, 645, 1037.0)|(816, 238, 850.0)|(816, 287, 865.0)|(816, 290, 866.0)|(816, 340, 884.0)|(816, 612, 1020.0)|(816, 675, 1059.0)|(816, 935, 1241.0)|(817, 744, 1105.0)|(819, 208, 845.0)|(819, 308, 875.0)|(819, 408, 915.0)|(819, 540, 981.0)|(819, 780, 1131.0)|(820, 615, 1025.0)|(820, 861, 1189.0)|(824, 618, 1030.0)|(825, 232, 857.0)|(825, 260, 865.0)|(825, 440, 935.0)|(825, 720, 1095.0)|(825, 756, 1119.0)|(828, 205, 853.0)|(828, 345, 897.0)|(828, 621, 1035.0)|(828, 896, 1220.0)|(832, 174, 850.0)|(832, 420, 932.0)|(832, 624, 1040.0)|(832, 855, 1193.0)|(833, 840, 1183.0)|(836, 123, 845.0)|(836, 480, 964.0)|(836, 627, 1045.0)|(837, 116, 845.0)|(840, 41, 841.0)|(840, 58, 842.0)|(840, 130, 850.0)|(840, 154, 854.0)|(840, 189, 861.0)|(840, 245, 875.0)|(840, 288, 888.0)|(840, 306, 894.0)|(840, 350, 910.0)|(840, 448, 952.0)|(840, 475, 965.0)|(840, 495, 975.0)|(840, 559, 1009.0)|(840, 630, 1050.0)|(840, 682, 1082.0)|(840, 704, 1096.0)|(840, 800, 1160.0)|(840, 833, 1183.0)|(840, 882, 1218.0)|(844, 633, 1055.0)|(845, 936, 1261.0)|(847, 396, 935.0)|(848, 636, 1060.0)|(850, 336, 914.0)|(851, 420, 949.0)|(852, 355, 923.0)|(852, 639, 1065.0)|(855, 204, 879.0)|(855, 456, 969.0)|(855, 532, 1007.0)|(855, 700, 1105.0)|(855, 832, 1193.0)|(856, 642, 1070.0)|(858, 144, 870.0)|(858, 920, 1258.0)|(860, 645, 1075.0)|(860, 903, 1247.0)|(861, 620, 1061.0)|(861, 820, 1189.0)|(864, 102, 870.0)|(864, 252, 900.0)|(864, 360, 936.0)|(864, 473, 985.0)|(864, 525, 1011.0)|(864, 648, 1080.0)|(864, 780, 1164.0)|(864, 990, 1314.0)|(868, 651, 1085.0)|(868, 765, 1157.0)|(870, 464, 986.0)|(870, 616, 1066.0)|(872, 654, 1090.0)|(874, 168, 890.0)|(875, 300, 925.0)|(876, 365, 949.0)|(876, 657, 1095.0)|(880, 84, 884.0)|(880, 198, 902.0)|(880, 285, 925.0)|(880, 429, 979.0)|(880, 558, 1042.0)|(880, 660, 1100.0)|(880, 768, 1168.0)|(880, 924, 1276.0)|(882, 224, 910.0)|(882, 840, 1218.0)|(884, 240, 916.0)|(884, 387, 965.0)|(884, 663, 1105.0)|(884, 987, 1325.0)|(885, 472, 1003.0)|(888, 259, 925.0)|(888, 370, 962.0)|(888, 666, 1110.0)|(891, 180, 909.0)|(891, 912, 1275.0)|(892, 669, 1115.0)|(893, 924, 1285.0)|(896, 120, 904.0)|(896, 528, 1040.0)|(896, 672, 1120.0)|(896, 828, 1220.0)|(897, 496, 1025.0)|(897, 540, 1047.0)|(899, 60, 901.0)|(900, 95, 905.0)|(900, 165, 915.0)|(900, 301, 949.0)|(900, 375, 975.0)|(900, 480, 1020.0)|(900, 560, 1060.0)|(900, 675, 1125.0)|(900, 945, 1305.0)|(903, 704, 1145.0)|(903, 860, 1247.0)|(904, 678, 1130.0)|(908, 681, 1135.0)|(910, 312, 962.0)|(910, 600, 1090.0)|(912, 215, 937.0)|(912, 266, 950.0)|(912, 380, 988.0)|(912, 434, 1010.0)|(912, 684, 1140.0)|(912, 891, 1275.0)|(915, 488, 1037.0)|(916, 687, 1145.0)|(918, 440, 1018.0)|(918, 624, 1110.0)|(920, 129, 929.0)|(920, 207, 943.0)|(920, 690, 1150.0)|(920, 858, 1258.0)|(920, 966, 1334.0)|(924, 43, 925.0)|(924, 143, 935.0)|(924, 225, 951.0)|(924, 385, 1001.0)|(924, 432, 1020.0)|(924, 595, 1099.0)|(924, 640, 1124.0)|(924, 693, 1155.0)|(924, 880, 1276.0)|(924, 893, 1285.0)|(925, 372, 997.0)|(928, 585, 1097.0)|(928, 696, 1160.0)|(930, 496, 1054.0)|(930, 736, 1186.0)|(932, 699, 1165.0)|(935, 420, 1025.0)|(935, 816, 1241.0)|(936, 75, 939.0)|(936, 273, 975.0)|(936, 310, 986.0)|(936, 352, 1000.0)|(936, 390, 1014.0)|(936, 702, 1170.0)|(936, 798, 1230.0)|(936, 845, 1261.0)|(940, 705, 1175.0)|(940, 987, 1363.0)|(943, 576, 1105.0)|(944, 708, 1180.0)|(945, 240, 975.0)|(945, 248, 977.0)|(945, 324, 999.0)|(945, 504, 1071.0)|(945, 588, 1113.0)|(945, 792, 1233.0)|(945, 900, 1305.0)|(948, 395, 1027.0)|(948, 711, 1185.0)|(950, 264, 986.0)|(952, 186, 970.0)|(952, 495, 1073.0)|(952, 561, 1105.0)|(952, 714, 1190.0)|(952, 960, 1352.0)|(956, 717, 1195.0)|(957, 124, 965.0)|(960, 62, 962.0)|(960, 176, 976.0)|(960, 216, 984.0)|(960, 280, 1000.0)|(960, 400, 1040.0)|(960, 468, 1068.0)|(960, 512, 1088.0)|(960, 644, 1156.0)|(960, 720, 1200.0)|(960, 799, 1249.0)|(960, 952, 1352.0)|(964, 723, 1205.0)|(966, 88, 970.0)|(966, 920, 1334.0)|(968, 726, 1210.0)|(969, 108, 975.0)|(972, 405, 1053.0)|(972, 729, 1215.0)|(975, 140, 985.0)|(975, 448, 1073.0)|(975, 520, 1105.0)|(975, 684, 1191.0)|(976, 732, 1220.0)|(980, 336, 1036.0)|(980, 357, 1043.0)|(980, 735, 1225.0)|(984, 287, 1025.0)|(984, 410, 1066.0)|(984, 738, 1230.0)|(986, 552, 1130.0)|(987, 884, 1325.0)|(987, 940, 1363.0)|(988, 315, 1037.0)|(988, 384, 1060.0)|(988, 741, 1235.0)|(989, 660, 1189.0)|(990, 200, 1010.0)|(990, 312, 1038.0)|(990, 528, 1122.0)|(990, 616, 1166.0)|(990, 864, 1314.0)|(992, 705, 1217.0)|(992, 744, 1240.0)|(996, 415, 1079.0)|(996, 747, 1245.0)|(999, 320, 1049.0)